[[   0.            7.83320141   16.61109734   27.47264481   42.04937744
    63.08590698   96.00844574  153.48181152  270.19998169    0.        ]
 [   0.           14.7217083    31.13854027   51.23010254   77.63896942
   114.28582001  167.46604919  247.71879578  371.7628479     0.        ]
 [   0.           19.91509247   41.99125671   68.67025757  102.99056244
   148.9523468   211.85110474  298.16448975  413.57699585    0.        ]
 [   0.           22.94740105   48.24113464   78.46911621  116.70066833
   166.68191528  232.82154846  319.51104736  428.82504272    0.        ]
 [   0.           23.63337898   49.55675888   80.26441193  118.66107941
   168.25311279  233.24214172  318.2331543   426.65603638    0.        ]
 [   0.           22.02935791   46.08811569   74.37068176  109.42612457
   154.42729187  213.66073608  293.5234375   404.0111084     0.        ]
 [   0.           18.39593506   38.39565659   61.7040863    90.24544525
   126.36919403  173.45007324  238.18867493  340.30892944    0.        ]
 [   0.           13.15872002   27.39450073   43.80456543   63.48237228
    87.3539505   115.58171082  145.47224426  163.48045349    0.        ]
 [   0.            6.84444523   14.21905994   22.63729286   32.52554703
    43.98252106   56.0505867    64.63811493   57.02964401    0.        ]
 [   0.            0.            0.            0.            0.            0.
     0.            0.            0.            0.        ]]
