[[ 185.72874451  177.89553833  161.28443909  133.81178284   91.76241302
    28.67650414  -67.33193207 -220.81373596 -491.01373291    0.        ]
 [ 193.56193542  186.6734314   172.14599609  148.38853455  112.79894257
    61.59903336   -9.85856628 -104.09555817 -205.65838623    0.        ]
 [ 208.28364563  203.090271    192.23753357  174.79737854  149.44578552
   114.77925873   70.39418793   19.94849205  -21.86565399    0.        ]
 [ 228.19873047  225.16642761  218.91654968  209.11769104  195.40757751
   177.67802429  156.70756531  135.36099243  120.11293793    0.        ]
 [ 251.14613342  250.46014404  249.14454651  247.34924316  245.38883972
   243.81765747  243.39707947  244.67497253  246.84396362    0.        ]
 [ 274.77954102  276.38354492  279.85217285  285.74591064  294.98086548
   308.80670166  328.38809204  353.09786987  375.74279785    0.        ]
 [ 296.80886841  300.44232178  308.13476562  320.80136108  339.98202515
   368.0401001   408.25079346  463.58554077  527.28771973    0.        ]
 [ 315.20480347  320.4420166   331.44317627  349.3427124   376.10577393
   415.12103271  472.98937988  565.70574951  742.53430176    0.        ]
 [ 328.36352539  334.67782593  347.85324097  369.02050781  399.97735596
   443.34875488  502.87991333  583.71398926  690.16485596    0.        ]
 [ 335.20797729  342.0524292   356.27148438  378.90878296  411.43432617
   455.41687012  511.46746826  576.10552979  633.13519287    0.        ]]